[{"sigmay": [1.6976714264998471], "nk": [8], "nonpredIdx": [[4, 3, 2, 7]], "respVar": [{"index": [0], "respVar": [1.59780310889751], "R^2": [0.9831056172757434]}, {"index": [1], "respVar": [0.6829821569651635], "R^2": [1.0]}, {"index": [], "respVar": [], "R^2": []}, {"index": [], "respVar": [], "R^2": []}, {"index": [], "respVar": [], "R^2": []}, {"index": [5], "respVar": [0.8760312234982781], "R^2": [1.0]}, {"index": [6], "respVar": [0.4101811091096321], "R^2": [1.0]}, {"index": [], "respVar": [], "R^2": []}], "covs": [[0.9560763535625796, 0.01591016723043791, 0.1266406608196807, 0.07730488100028962, -0.091981334214098, -0.3105650343531907, 0.10133799922156225, 0.07633386417266076], [0.01591016723043791, 1.4888663792429282, -0.03169150044073521, -0.004431579923869489, -0.13428211436341894, -0.009131997822407877, -0.038431059983103914, -0.07432613087682852], [0.1266406608196807, -0.03169150044073521, 4.031604395533026, -0.007580402773303536, 0.018028562547960807, -0.0942294203056364, 0.11220718172397785, -0.03763089184011871], [0.07730488100028962, -0.004431579923869489, -0.007580402773303536, 0.02307069172327647, -0.01571485308126483, 0.015654276663201728, -0.0016805993990507747, 0.0072951381403573885], [-0.091981334214098, -0.13428211436341894, 0.018028562547960807, -0.01571485308126483, 9.765441605242435, -0.0948628036427155, -0.023785500651436604, -0.16203181403971104], [-0.3105650343531907, -0.009131997822407877, -0.0942294203056364, 0.015654276663201728, -0.0948628036427155, 3.350335825002154, -0.02768959447620887, -0.0031499566806094995], [0.10133799922156225, -0.038431059983103914, 0.11220718172397785, -0.0016805993990507747, -0.023785500651436604, -0.02768959447620887, 1.7005201240404706, -0.013975962474844192], [0.07633386417266076, -0.07432613087682852, -0.03763089184011871, 0.0072951381403573885, -0.16203181403971104, -0.0031499566806094995, -0.013975962474844192, 2.5213761796390437]], "ExactMarginalLogLikelihood": [1.0232505135787586], "lengthscales": [1.31219482421875, 1.3146427869796753, 1.3214157819747925, 1.318872332572937, 1.3204556703567505, 1.3146470785140991, 1.3149317502975464, 1.3198026418685913], "iterations": [11], "outputlengthscale": [1.2348259687423706], "unexplainedVarRate": [0.053691864526869214]}, {"sigmay": [2.240562516113056], "nk": [6], "nonpredIdx": [[3]], "respVar": [{"index": [0], "respVar": [2.2738857701275657], "R^2": [0.9735235082107877]}, {"index": [1], "respVar": [1.743304550925906], "R^2": [1.0]}, {"index": [2], "respVar": [1.8083570084669305], "R^2": [0.451143427581324]}, {"index": [], "respVar": [], "R^2": []}, {"index": [4], "respVar": [1.7438937422705505], "R^2": [0.5798035142006263]}, {"index": [5], "respVar": [2.035399060694124], "R^2": [0.3038350171221371]}], "covs": [[5.926649810389488, -0.033765360973189884, 0.12818001545315919, -0.06443128471582397, 0.20321216271907733, -0.011340490431096206], [-0.033765360973189884, 1.8850772638731932, -0.007404546045208991, 0.12233133655353243, 0.06646306961631597, 0.005557349399477938], [0.12818001545315919, -0.007404546045208991, 0.4997475751196165, -0.0599698845585895, 0.020758830529798843, 0.02982388146791417], [-0.06443128471582397, 0.12233133655353243, -0.0599698845585895, 2.566152031347184, 0.09035641787327253, -0.03725992510259779], [0.20321216271907733, 0.06646306961631597, 0.020758830529798843, 0.09035641787327253, 2.6220125187954793, -0.0448306972585415], [-0.011340490431096206, 0.005557349399477938, 0.02982388146791417, -0.03725992510259779, -0.0448306972585415, 1.0658463170255217]], "ExactMarginalLogLikelihood": [1.3300293267493315], "lengthscales": [1.3097610473632812, 1.3076791763305664, 1.3070666790008545, 1.3129990100860596, 1.3021262884140015, 1.3033030033111572], "iterations": [11], "outputlengthscale": [1.2734063863754272], "unexplainedVarRate": [0.10525045515466451]}, {"sigmay": [1.8352491489268516], "nk": [11], "nonpredIdx": [[7, 6, 5, 9, 10]], "respVar": [{"index": [0], "respVar": [0.714573426583217], "R^2": [1.0]}, {"index": [1], "respVar": [0.944765862628498], "R^2": [0.00719626146574881]}, {"index": [2], "respVar": [0.6897226387241583], "R^2": [1.0]}, {"index": [3], "respVar": [0.6730461701102807], "R^2": [0.00028043108678266204]}, {"index": [4], "respVar": [0.6851618201971102], "R^2": [1.0]}, {"index": [], "respVar": [], "R^2": []}, {"index": [], "respVar": [], "R^2": []}, {"index": [], "respVar": [], "R^2": []}, {"index": [8], "respVar": [0.8350063517280493], "R^2": [0.32653260362337533]}, {"index": [], "respVar": [], "R^2": []}, {"index": [], "respVar": [], "R^2": []}], "covs": [[1.2265419605063683, 0.008384770040711587, 0.14801087454645245, 0.07462080518273333, -0.1380692496926734, 0.3547009266401559, -0.09080935763666695, -0.11162907533379704, 0.029647852662075595, -0.09661368053714615, -0.05605796784131991], [0.008384770040711587, 1.322152054913329, -0.011806777982975606, -0.020698325953695317, 0.045521218496182674, 0.007444505042617823, -0.044795069207491454, -0.11982736650187757, -0.04980310869054405, -0.013775841707050547, -0.010029634675442671], [0.14801087454645245, -0.011806777982975606, 1.5814368434372896, -0.08996735313186868, 0.010846357726258377, 0.00725645214201582, -0.002494318491753904, -0.0849474045961442, 0.05710098103554019, -0.02077868532470465, 0.02396056976922399], [0.07462080518273333, -0.020698325953695317, -0.08996735313186868, 1.6856711325737495, -0.10700402021613069, -0.031498402589138996, -0.0035371045674233758, 0.1079209788496898, -0.021987459053167728, 0.0017405293975437629, -0.021407572147961025], [-0.1380692496926734, 0.045521218496182674, 0.010846357726258377, -0.10700402021613069, 2.0258511399463215, -0.007845059516266642, 0.043490757192989685, 0.0015310090146731375, 0.01727528883210594, -0.025194772531754173, -0.017913576643975606], [0.3547009266401559, 0.007444505042617823, 0.00725645214201582, -0.031498402589138996, -0.007845059516266642, 0.7760096415540932, -0.02001698857003381, -0.08904711920871913, -0.04385783793003652, 0.033939897185723114, -0.019647942836490857], [-0.09080935763666695, -0.044795069207491454, -0.002494318491753904, -0.0035371045674233758, 0.043490757192989685, -0.02001698857003381, 0.9721089173062091, -0.07794927748529774, 0.03301412446802915, 0.025020648713695984, 0.009900256485762458], [-0.11162907533379704, -0.11982736650187757, -0.0849474045961442, 0.1079209788496898, 0.0015310090146731375, -0.08904711920871913, -0.07794927748529774, 2.4605190165471775, -0.09280809765977549, 0.016940689881933334, -0.0009431981673385541], [0.029647852662075595, -0.04980310869054405, 0.05710098103554019, -0.021987459053167728, 0.01727528883210594, -0.04385783793003652, 0.03301412446802915, -0.09280809765977549, 2.225845438937322, -0.02637872183295095, -0.04563550609470132], [-0.09661368053714615, -0.013775841707050547, -0.02077868532470465, 0.0017405293975437629, -0.025194772531754173, 0.033939897185723114, 0.025020648713695984, 0.016940689881933334, -0.02637872183295095, 0.6228096713330804, -0.006573362370294431], [-0.05605796784131991, -0.010029634675442671, 0.02396056976922399, -0.021407572147961025, -0.017913576643975606, -0.019647942836490857, 0.009900256485762458, -0.0009431981673385541, -0.04563550609470132, -0.006573362370294431, 0.6216670085556334]], "ExactMarginalLogLikelihood": [1.2273447580066799], "lengthscales": [1.875107765197754, 1.1244680881500244, 1.8738113641738892, 1.8894658088684082, 1.882616639137268, 1.897824764251709, 1.9041916131973267, 1.9041320085525513, 1.8098055124282837, 1.9075514078140259, 1.9088345766067505], "iterations": [21], "outputlengthscale": [1.5469025373458862], "unexplainedVarRate": [0.036095042419413276]}, {"sigmay": [0.98039887370292], "nk": [6], "nonpredIdx": [[3, 4]], "respVar": [{"index": [0], "respVar": [0.17249938031851433], "R^2": [1.0]}, {"index": [1], "respVar": [0.08155814973512512], "R^2": [0.9064574847786501]}, {"index": [2], "respVar": [0.07487237307076364], "R^2": [1.0]}, {"index": [], "respVar": [], "R^2": []}, {"index": [], "respVar": [], "R^2": []}, {"index": [5], "respVar": [0.41405406276505424], "R^2": [1.0]}], "covs": [[0.47943453080950726, 0.285339731276112, 0.40305292093600603, 0.08447384537726096, -0.22542664259443876, 0.06211886315122051], [0.285339731276112, 0.6201543574833724, 0.05268649159053053, -0.0027249919690576214, -0.003239324767822193, -0.031353913927238464], [0.40305292093600603, 0.05268649159053053, 3.5994695727065764, 0.09301806327287408, -0.21645529364710486, -0.011189905040912964], [0.08447384537726096, -0.0027249919690576214, 0.09301806327287408, 1.3992616140060963, 0.06180275827193674, -0.018034825520383803], [-0.22542664259443876, -0.003239324767822193, -0.21645529364710486, 0.06180275827193674, 1.9279740550380264, -0.1471353725085533], [0.06211886315122051, -0.031353913927238464, -0.011189905040912964, -0.018034825520383803, -0.1471353725085533, 1.4931060059157697]], "ExactMarginalLogLikelihood": [1.0937674628987688], "lengthscales": [0.8537458181381226, 0.8534902930259705, 0.8536904454231262, 0.8536097407341003, 0.8536850810050964, 0.8534569144248962], "iterations": [2], "outputlengthscale": [0.8212112784385681], "unexplainedVarRate": [0.023848668327956766]}, {"sigmay": [1.9252120743926062], "nk": [9], "nonpredIdx": [[7, 4, 8, 6, 1]], "respVar": [{"index": [0], "respVar": [0.8160570971651878], "R^2": [1.0]}, {"index": [], "respVar": [], "R^2": []}, {"index": [2], "respVar": [1.3429457961606104], "R^2": [0.6836730980105933]}, {"index": [3], "respVar": [1.7857291632671088], "R^2": [5.389080385742595e-05]}, {"index": [], "respVar": [], "R^2": []}, {"index": [5], "respVar": [1.7990823902734108], "R^2": [0.9956584557946097]}, {"index": [], "respVar": [], "R^2": []}, {"index": [], "respVar": [], "R^2": []}, {"index": [], "respVar": [], "R^2": []}], "covs": [[1.0137921208667755, 0.051008243959736285, -0.0856825270454514, 0.13851761401236523, 0.1449076914542413, -0.25730332311607534, -0.14560288614713315, 0.059427541751631806, -0.026467634916318396], [0.051008243959736285, 0.18222716694689908, -0.041239381074564666, 0.01470041207680027, 0.004842623369179136, -0.005226558621634605, 0.004257416177346549, -0.02561288384759032, 0.017338528040719656], [-0.0856825270454514, -0.041239381074564666, 3.7355772919187555, -0.012378864947096497, 0.21179637861800443, 0.2501262563209933, 0.0036867843013461917, -0.10171756795929617, -0.04011864657134063], [0.13851761401236523, 0.01470041207680027, -0.012378864947096497, 0.4287815391624787, 0.020139620740650226, 0.07894711410516897, 0.006124882007340576, 0.037825385953281096, 0.04132706503355694], [0.1449076914542413, 0.004842623369179136, 0.21179637861800443, 0.020139620740650226, 8.268996048712202, -0.5585373917247844, -0.07824641269859338, 0.33952875615457356, 0.10681885524995535], [-0.25730332311607534, -0.005226558621634605, 0.2501262563209933, 0.07894711410516897, -0.5585373917247844, 4.076893808212498, -0.03033000788989902, 0.03520848817568571, 0.0021942020269640726], [-0.14560288614713315, 0.004257416177346549, 0.0036867843013461917, 0.006124882007340576, -0.07824641269859338, -0.03033000788989902, 0.22828081340297077, 0.03584941890967091, -0.016736603577217818], [0.059427541751631806, -0.02561288384759032, -0.10171756795929617, 0.037825385953281096, 0.33952875615457356, 0.03520848817568571, 0.03584941890967091, 3.700741045064379, -0.04621555323233041], [-0.026467634916318396, 0.017338528040719656, -0.04011864657134063, 0.04132706503355694, 0.10681885524995535, 0.0021942020269640726, -0.016736603577217818, -0.04621555323233041, 0.6541880639550488]], "ExactMarginalLogLikelihood": [1.1918935305390301], "lengthscales": [1.8376398086547852, 1.8512855768203735, 1.8221100568771362, 1.5244414806365967, 1.8472651243209839, 1.8120646476745605, 1.8613536357879639, 1.8491594791412354, 1.8433154821395874], "iterations": [17], "outputlengthscale": [1.462026596069336], "unexplainedVarRate": [0.010524828109788432]}, {"sigmay": [1.559973706172699], "nk": [7], "nonpredIdx": [[1, 4, 5, 6]], "respVar": [{"index": [0], "respVar": [0.9997298077232168], "R^2": [0.03915298587953875]}, {"index": [], "respVar": [], "R^2": []}, {"index": [2], "respVar": [1.1127674851789868], "R^2": [0.9321569388148175]}, {"index": [3], "respVar": [1.0539347747766206], "R^2": [0.9686624184756552]}, {"index": [], "respVar": [], "R^2": []}, {"index": [], "respVar": [], "R^2": []}, {"index": [], "respVar": [], "R^2": []}], "covs": [[0.6266250886627052, 0.040009333723190606, 0.16998671016781453, -0.010632069716724512, 0.1795895530015704, 0.062316900304103605, 0.05769606328062384], [0.040009333723190606, 1.8793899712887117, 0.02083110397044241, 0.13555993096683824, 0.16015979013200182, -0.11012923712781168, -0.02932815043598554], [0.16998671016781453, 0.02083110397044241, 1.2999896573651093, 0.1197633665844853, -0.00488139475945584, -0.06287640661437187, -0.07724434570221773], [-0.010632069716724512, 0.13555993096683824, 0.1197633665844853, 1.9534508971394031, 0.007822228220459323, -0.2834836643780669, -0.020105668749730552], [0.1795895530015704, 0.16015979013200182, -0.00488139475945584, 0.007822228220459323, 1.7598183754310885, -0.03294131870514722, -0.026873113896229303], [0.062316900304103605, -0.11012923712781168, -0.06287640661437187, -0.2834836643780669, -0.03294131870514722, 3.8284250957800023, 0.09659561864656074], [0.05769606328062384, -0.02932815043598554, -0.07724434570221773, -0.020105668749730552, -0.026873113896229303, 0.09659561864656074, 1.682180112495247]], "ExactMarginalLogLikelihood": [1.151890328131102], "lengthscales": [1.2707982063293457, 1.2940020561218262, 1.2928054332733154, 1.295965552330017, 1.2956171035766602, 1.2942321300506592, 1.2948417663574219], "iterations": [9], "outputlengthscale": [1.1166596412658691], "unexplainedVarRate": [0.17954354043814463]}, {"sigmay": [1.5927645996441562], "nk": [6], "nonpredIdx": [[1, 0, 5]], "respVar": [{"index": [], "respVar": [], "R^2": []}, {"index": [], "respVar": [], "R^2": []}, {"index": [2], "respVar": [1.475260192544973], "R^2": [0.9996395149548926]}, {"index": [3], "respVar": [1.4467527325233995], "R^2": [0.010058501520270768]}, {"index": [4], "respVar": [1.3506518783109416], "R^2": [0.9642194210790582]}, {"index": [], "respVar": [], "R^2": []}], "covs": [[1.5793669772547891, -0.29630848703512885, 0.08159843926007587, 0.13555041079070046, -0.17677443578534163, -0.2648259005524343], [-0.29630848703512885, 2.9994224372576523, -0.17134202212726357, 0.01456361558284603, 0.03269602951698243, 0.012512621009894372], [0.08159843926007587, -0.17134202212726357, 3.3099181973268044, -0.0011986625453911679, -0.12425881624262318, -0.03419498829179008], [0.13555041079070046, 0.01456361558284603, -0.0011986625453911679, 1.0460074178931662, 0.12539361619386769, -0.020689317250048224], [-0.17677443578534163, 0.03269602951698243, -0.12425881624262318, 0.12539361619386769, 4.7212891016761755, 0.08063513965933725], [-0.2648259005524343, 0.012512621009894372, -0.03419498829179008, -0.020689317250048224, 0.08063513965933725, 1.4513807055323864]], "ExactMarginalLogLikelihood": [2.072591369219693], "lengthscales": [1.8585541248321533, 1.860331654548645, 1.853212833404541, 1.2287431955337524, 1.8531568050384521, 1.8580279350280762], "iterations": [16], "outputlengthscale": [0.3001135587692261], "unexplainedVarRate": [0.014563654548176822]}, {"sigmay": [2.163508829580779], "nk": [6], "nonpredIdx": [[5, 2]], "respVar": [{"index": [0], "respVar": [1.2392698230078958], "R^2": [1.0]}, {"index": [1], "respVar": [1.2830784357719796], "R^2": [0.8573632733481172]}, {"index": [], "respVar": [], "R^2": []}, {"index": [3], "respVar": [1.2606832839311803], "R^2": [1.0]}, {"index": [4], "respVar": [1.2508061850409482], "R^2": [1.0]}, {"index": [], "respVar": [], "R^2": []}], "covs": [[1.2636463771413264, 0.058723438127610876, -0.22969594228835716, -0.2967032440469064, 0.20409425104099307, 0.1791871229294094], [0.058723438127610876, 5.803324033691702, 0.12126589119662816, 0.18243882325580893, 0.04805436816058165, -0.05827314402101502], [-0.22969594228835716, 0.12126589119662816, 4.955641853657797, -0.07690279314020947, 0.017751177340834142, 0.06755512795963499], [-0.2967032440469064, 0.18243882325580893, -0.07690279314020947, 1.4633477886233381, -0.026868855102955978, 0.01699375656105608], [0.20409425104099307, 0.04805436816058165, 0.017751177340834142, -0.026868855102955978, 0.2493024829160276, 0.03246771900459232], [0.1791871229294094, -0.05827314402101502, 0.06755512795963499, 0.01699375656105608, 0.03246771900459232, 2.1531451663328838]], "ExactMarginalLogLikelihood": [2.097358008934277], "lengthscales": [1.024018406867981, 1.0239259004592896, 1.022573709487915, 1.0236685276031494, 1.0247207880020142, 1.0256953239440918], "iterations": [5], "outputlengthscale": [0.9925966858863831], "unexplainedVarRate": [0.007158233183059924]}, {"sigmay": [1.838999670301952], "nk": [8], "nonpredIdx": [[0, 7, 4]], "respVar": [{"index": [], "respVar": [], "R^2": []}, {"index": [1], "respVar": [1.030901432347669], "R^2": [0.9426484674432128]}, {"index": [2], "respVar": [0.8966552565828985], "R^2": [1.0]}, {"index": [3], "respVar": [1.0456560070437377], "R^2": [0.9997759225659107]}, {"index": [], "respVar": [], "R^2": []}, {"index": [5], "respVar": [0.34424420043258686], "R^2": [0.5591412950354206]}, {"index": [6], "respVar": [1.2212651853433756], "R^2": [0.004327703026331897]}, {"index": [], "respVar": [], "R^2": []}], "covs": [[4.487209676968743, -0.01423354552900173, -0.0953079336327614, 0.006932766151173914, 0.0289448387495604, 0.1632587663348307, -0.03083118833711076, -0.12328651105118674], [-0.01423354552900173, 6.482648813215793, -0.12331403910676568, 0.040786150863014944, 0.085133126070421, 0.14329932653198205, -0.021088972690593025, 0.09650114505477629], [-0.0953079336327614, -0.12331403910676568, 2.834064031712754, 0.07071341630072998, 0.031508235008289046, -0.038883478368448264, 0.055771587512193056, -0.017819665152328055], [0.006932766151173914, 0.040786150863014944, 0.07071341630072998, 1.3717699107303987, 0.01365985256826359, 0.05476756977914413, 0.03733569962152625, -0.0426520687238965], [0.0289448387495604, 0.085133126070421, 0.031508235008289046, 0.01365985256826359, 1.4605333641209213, -0.02218221400191536, 0.038274405176743014, 0.07096178403580412], [0.1632587663348307, 0.14329932653198205, -0.038883478368448264, 0.05476756977914413, -0.02218221400191536, 2.991722654100846, 0.03653929591551492, 0.058631366457640784], [-0.03083118833711076, -0.021088972690593025, 0.055771587512193056, 0.03733569962152625, 0.038274405176743014, 0.03653929591551492, 0.7770255612267304, 0.048998338677704534], [-0.12328651105118674, 0.09650114505477629, -0.017819665152328055, -0.0426520687238965, 0.07096178403580412, 0.058631366457640784, 0.048998338677704534, 1.3793834384382047]], "ExactMarginalLogLikelihood": [1.2048542441586818], "lengthscales": [1.2187494039535522, 1.2143745422363281, 1.213748574256897, 1.2135040760040283, 1.2162895202636719, 1.2163054943084717, 0.9810588955879211, 1.2172104120254517], "iterations": [8], "outputlengthscale": [1.1398794651031494], "unexplainedVarRate": [0.005936881626977091]}, {"sigmay": [2.6278682095871204], "nk": [10], "nonpredIdx": [[5, 7, 9]], "respVar": [{"index": [0], "respVar": [1.2551629459712972], "R^2": [0.9998988060227575]}, {"index": [1], "respVar": [1.2300650609660955], "R^2": [0.9914845060212015]}, {"index": [2], "respVar": [1.1992094743455997], "R^2": [0.9997559721404192]}, {"index": [3], "respVar": [1.2714430993761636], "R^2": [0.6014181648115055]}, {"index": [4], "respVar": [1.2646234585915421], "R^2": [1.0]}, {"index": [], "respVar": [], "R^2": []}, {"index": [6], "respVar": [1.1700120364823203], "R^2": [0.00025005364226893256]}, {"index": [], "respVar": [], "R^2": []}, {"index": [8], "respVar": [1.3747688358232675], "R^2": [0.8514162234229721]}, {"index": [], "respVar": [], "R^2": []}], "covs": [[2.712904842822231, -0.003792488574486555, 0.05465488872427633, -0.2669440327134037, 0.05059665946876809, 0.006540133719090247, 0.20105140010082745, -0.1926566018444121, -0.1389634670613148, 0.029783264826559238], [-0.003792488574486555, 1.896246649095214, -0.0036813487379767904, -0.0662864681468299, 0.030153748851536814, 0.0077770150894411385, 0.032422632190674996, 0.04836316427644679, 0.06492496068213345, 0.002956796258035145], [0.05465488872427633, -0.0036813487379767904, 1.6667182966080076, -0.04412268241224731, -0.06673570641441763, 0.04821736451711154, 0.01088427797201965, 0.10394591708678934, -0.14470756492694328, -0.06572618315766705], [-0.2669440327134037, -0.0662864681468299, -0.04412268241224731, 2.3640016177112186, 0.00329919199833343, -0.08996400207412804, 0.0310085284348805, 0.007872708651983355, -0.028879441698441803, -0.11350773699208376], [0.05059665946876809, 0.030153748851536814, -0.06673570641441763, 0.00329919199833343, 1.3300734521408915, 0.010681494641080199, 0.061909099025367814, -0.11035967897844495, 0.0589263711823286, 0.03846768872329745], [0.006540133719090247, 0.0077770150894411385, 0.04821736451711154, -0.08996400207412804, 0.010681494641080199, 3.3393253385924533, 0.07444290387648847, 0.07392062709802892, -0.1056821145411656, 0.0801810629073979], [0.20105140010082745, 0.032422632190674996, 0.01088427797201965, 0.0310085284348805, 0.061909099025367814, 0.07444290387648847, 0.9903501384533738, -0.0630063865201963, 0.08134981653604803, 0.0082234987214], [-0.1926566018444121, 0.04836316427644679, 0.10394591708678934, 0.007872708651983355, -0.11035967897844495, 0.07392062709802892, -0.0630063865201963, 4.284864716862554, -0.18305661782929397, 0.10716262040274148], [-0.1389634670613148, 0.06492496068213345, -0.14470756492694328, -0.028879441698441803, 0.0589263711823286, -0.1056821145411656, 0.08134981653604803, -0.18305661782929397, 4.826503403138512, 0.005837736953807955], [0.029783264826559238, 0.002956796258035145, -0.06572618315766705, -0.11350773699208376, 0.03846768872329745, 0.0801810629073979, 0.0082234987214, 0.10716262040274148, 0.005837736953807955, 2.8055175585700156]], "ExactMarginalLogLikelihood": [1.3258161539275177], "lengthscales": [1.6275014877319336, 1.6173020601272583, 1.6229338645935059, 1.6288862228393555, 1.6237283945083618, 1.6419892311096191, 0.8648598194122314, 1.6364455223083496, 1.6196322441101074, 1.6359485387802124], "iterations": [16], "outputlengthscale": [1.481774926185608], "unexplainedVarRate": [0.070606438891095]}, {"sigmay": [2.0527519564794674], "nk": [11], "nonpredIdx": [[10, 7, 2, 9, 0, 3]], "respVar": [{"index": [], "respVar": [], "R^2": []}, {"index": [1], "respVar": [0.8729140480839158], "R^2": [0.9285263340978127]}, {"index": [], "respVar": [], "R^2": []}, {"index": [], "respVar": [], "R^2": []}, {"index": [4], "respVar": [0.9176196739724656], "R^2": [0.994757293249216]}, {"index": [5], "respVar": [0.9034456247848954], "R^2": [0.959444627717045]}, {"index": [6], "respVar": [1.1565908085877523], "R^2": [0.00018048402719572643]}, {"index": [], "respVar": [], "R^2": []}, {"index": [8], "respVar": [1.6102359019489798], "R^2": [1.0]}, {"index": [], "respVar": [], "R^2": []}, {"index": [], "respVar": [], "R^2": []}], "covs": [[2.8497111011495524, 0.08144681073859297, 0.035831955638495346, 0.09571579941212033, 0.10783109930019777, -0.1146821302769917, 0.0014657174162424065, -0.09656016578490638, -0.22057483735452296, -0.17642885847691686, 0.07133858414314971], [0.08144681073859297, 1.333804682458464, 0.0451635785118048, -0.002434627201115723, -0.11528886015241362, -0.04945994916496512, -0.04020761724194469, -0.047024415911879, 0.012056356883561489, 0.10745299995343383, 0.06571274801894934], [0.035831955638495346, 0.0451635785118048, 0.29732737229871953, 0.026323097905518213, 0.010310932271349384, 0.018853430139272112, -0.010135083283130893, 0.01176772078184754, -0.052398253063440405, -0.04318858687463534, 0.03291433010059889], [0.09571579941212033, -0.002434627201115723, 0.026323097905518213, 1.6107452868192829, -0.19758853280625532, -0.15040079341904436, 0.01933104374087834, -0.032437262375962304, 0.08850906199447883, 0.06444793169930563, 0.16471476103897797], [0.10783109930019777, -0.11528886015241362, 0.010310932271349384, -0.19758853280625532, 5.07061623629039, 0.12764244383636952, -0.1348765650888278, 0.11301476006049439, 0.07826606130673788, -0.11476649174926819, 0.27956690280331725], [-0.1146821302769917, -0.04945994916496512, 0.018853430139272112, -0.15040079341904436, 0.12764244383636952, 9.579356733510133, -0.04121920621659157, -0.3410117049510265, 0.12176296409230929, -0.05323879599763556, 0.1447858796504575], [0.0014657174162424065, -0.04020761724194469, -0.010135083283130893, 0.01933104374087834, -0.1348765650888278, -0.04121920621659157, 0.7398624512574988, 0.042227335329868984, 0.03211683385730543, 0.02275075935457619, -0.02980211593135977], [-0.09656016578490638, -0.047024415911879, 0.01176772078184754, -0.032437262375962304, 0.11301476006049439, -0.3410117049510265, 0.042227335329868984, 3.83380656395506, 0.002117422266379677, 0.021753328937077612, -0.03748095911059482], [-0.22057483735452296, 0.012056356883561489, -0.052398253063440405, 0.08850906199447883, 0.07826606130673788, 0.12176296409230929, 0.03211683385730543, 0.002117422266379677, 4.793280420482353, 0.019857253872687594, 0.15528549594023477], [-0.17642885847691686, 0.10745299995343383, -0.04318858687463534, 0.06444793169930563, -0.11476649174926819, -0.05323879599763556, 0.02275075935457619, 0.021753328937077612, 0.019857253872687594, 4.611671684014976, 0.043914802560794115], [0.07133858414314971, 0.06571274801894934, 0.03291433010059889, 0.16471476103897797, 0.27956690280331725, 0.1447858796504575, -0.02980211593135977, -0.03748095911059482, 0.15528549594023477, 0.043914802560794115, 2.0885784234449227]], "ExactMarginalLogLikelihood": [1.2739835107828104], "lengthscales": [1.6085588932037354, 1.5905150175094604, 1.5962953567504883, 1.5994162559509277, 1.5884480476379395, 1.5957494974136353, 0.6276827454566956, 1.5961118936538696, 1.573371171951294, 1.5993176698684692, 1.6053781509399414], "iterations": [13], "outputlengthscale": [1.403303861618042], "unexplainedVarRate": [0.0033032848558927665]}, {"sigmay": [3.139394302369877], "nk": [11], "nonpredIdx": [[10, 5, 6, 1]], "respVar": [{"index": [0], "respVar": [1.737360332309514], "R^2": [0.9984112665521786]}, {"index": [], "respVar": [], "R^2": []}, {"index": [2], "respVar": [1.339336075723574], "R^2": [0.00019599984899831835]}, {"index": [3], "respVar": [0.997961887298271], "R^2": [0.9999737239214314]}, {"index": [4], "respVar": [1.175552156941402], "R^2": [1.0]}, {"index": [], "respVar": [], "R^2": []}, {"index": [], "respVar": [], "R^2": []}, {"index": [7], "respVar": [1.7230207791302763], "R^2": [1.0]}, {"index": [8], "respVar": [1.6915561694789512], "R^2": [0.00027083466264610223]}, {"index": [9], "respVar": [1.4891335395865435], "R^2": [1.0]}, {"index": [], "respVar": [], "R^2": []}], "covs": [[1.0614689521713303, -0.12464786910486392, 0.11291043669631777, -0.10674910674418062, 0.08847980038874839, 0.18012469450119034, -0.11282030556665341, -0.07437296532476995, 0.1886007898263979, -0.06288337581954226, -0.2269550704500681], [-0.12464786910486392, 5.360651242026621, -0.051919240359904875, -0.07863422847543951, 0.10135923959415387, -0.06398808701706928, 0.3700682646999064, -0.09678193494933439, 0.02712963134941574, -0.06677892817999792, 0.2018949641664308], [0.11291043669631777, -0.051919240359904875, 0.6077966005144267, 0.032491857461082616, -0.04117351440334288, -0.04073121741863828, -0.06023187018749855, -0.08020212035276032, -0.005328065858352469, -0.02909354385039471, -0.13855148540067724], [-0.10674910674418062, -0.07863422847543951, 0.032491857461082616, 0.6362502490151861, 0.04661169169720244, 0.08749042086960711, 0.05647626625483349, -0.05687877222469482, -0.023913004212629825, 0.035483780213743744, 0.056088163642832305], [0.08847980038874839, 0.10135923959415387, -0.04117351440334288, 0.04661169169720244, 4.0917324482458115, -0.060185304129782985, 0.10860441574483486, 0.07398084776006102, -0.0031891615302072395, 0.035926566646399795, 0.11563464866492695], [0.18012469450119034, -0.06398808701706928, -0.04073121741863828, 0.08749042086960711, -0.060185304129782985, 6.617216339602788, -0.020160961222222763, 0.1723564142789583, -0.02838489569213137, -0.019347045295051206, 0.19431930686414997], [-0.11282030556665341, 0.3700682646999064, -0.06023187018749855, 0.05647626625483349, 0.10860441574483486, -0.020160961222222763, 6.708036372362297, 0.1676349914636665, -0.10650696257763613, -0.02842893766390871, -0.5937478246257684], [-0.07437296532476995, -0.09678193494933439, -0.08020212035276032, -0.05687877222469482, 0.07398084776006102, 0.1723564142789583, 0.1676349914636665, 2.9025494924815782, -0.025540418594348756, 0.1708406500093267, 0.24115520559078443], [0.1886007898263979, 0.02712963134941574, -0.005328065858352469, -0.023913004212629825, -0.0031891615302072395, -0.02838489569213137, -0.10650696257763613, -0.025540418594348756, 0.5594114401571877, 0.004829943646866755, -0.12517334971495253], [-0.06288337581954226, -0.06677892817999792, -0.02909354385039471, 0.035483780213743744, 0.035926566646399795, -0.019347045295051206, -0.02842893766390871, 0.1708406500093267, 0.004829943646866755, 1.058655836854588, -0.0459985410351195], [-0.2269550704500681, 0.2018949641664308, -0.13855148540067724, 0.056088163642832305, 0.11563464866492695, 0.19431930686414997, -0.5937478246257684, 0.24115520559078443, -0.12517334971495253, -0.0459985410351195, 9.885107408120211]], "ExactMarginalLogLikelihood": [2.2301321865541195], "lengthscales": [1.775172472000122, 1.7810152769088745, 1.780206322669983, 1.775349736213684, 1.7756742238998413, 1.7799270153045654, 1.7840461730957031, 1.7729246616363525, 1.485754132270813, 1.7831517457962036, 1.7819364070892334], "iterations": [20], "outputlengthscale": [1.5954645872116089], "unexplainedVarRate": [0.0275532344662314]}, {"sigmay": [2.9368050959292535], "nk": [10], "nonpredIdx": [[1, 0, 5]], "respVar": [{"index": [], "respVar": [], "R^2": []}, {"index": [], "respVar": [], "R^2": []}, {"index": [2], "respVar": [1.1082484029936042], "R^2": [0.9949340718222434]}, {"index": [3], "respVar": [0.7771358083345975], "R^2": [0.5237568766906131]}, {"index": [4], "respVar": [1.6404399045036049], "R^2": [0.9139704531300182]}, {"index": [], "respVar": [], "R^2": []}, {"index": [6], "respVar": [1.3734525546678693], "R^2": [1.0]}, {"index": [7], "respVar": [1.219986348169809], "R^2": [1.0]}, {"index": [8], "respVar": [1.246587717945261], "R^2": [0.8905966290356657]}, {"index": [9], "respVar": [1.0306113816686278], "R^2": [1.0]}], "covs": [[2.193709621499874, -0.010637833067657487, -0.22820140927291008, 0.0803770428086506, 0.02214453125238504, 0.017445792150113663, 0.025816201452913384, -0.043864742606061775, 0.16210910273326082, -0.036774910370206935], [-0.010637833067657487, 3.661935168618271, -0.015454026165263838, 0.15092985743623255, 0.010315283229544543, -0.05385160205864052, -0.052538496635870714, -0.10157988589596396, 0.016967072393675363, 0.19843700100266057], [-0.22820140927291008, -0.015454026165263838, 2.7866413807186663, 0.02228987533661763, 0.00827862506277978, -0.09472774948965823, 0.2625216909968004, 0.35380830275023945, -0.11998684712676289, 0.3995311052408278], [0.0803770428086506, 0.15092985743623255, 0.02228987533661763, 1.6461627052314833, 0.05579592442730404, -0.08836973651523801, -0.2509669193889941, -0.23198709329088055, -0.11539372054505637, 0.08866184697266491], [0.02214453125238504, 0.010315283229544543, 0.00827862506277978, 0.05579592442730404, 1.3816633049654676, -0.05267011941404929, -0.08750438976978875, -0.08671997278499953, 0.19114481633231425, 0.14877479080459882], [0.017445792150113663, -0.05385160205864052, -0.09472774948965823, -0.08836973651523801, -0.05267011941404929, 6.06162320694363, 0.02163347692719867, 0.28694925464026616, 0.039940091670747226, 0.22932282127834963], [0.025816201452913384, -0.052538496635870714, 0.2625216909968004, -0.2509669193889941, -0.08750438976978875, 0.02163347692719867, 6.047785426885756, 0.6837505836339604, 0.2795734953725911, -0.5073253417991789], [-0.043864742606061775, -0.10157988589596396, 0.35380830275023945, -0.23198709329088055, -0.08671997278499953, 0.28694925464026616, 0.6837505836339604, 8.658412316823394, 0.6286720930546151, 0.3371192138908295], [0.16210910273326082, 0.016967072393675363, -0.11998684712676289, -0.11539372054505637, 0.19114481633231425, 0.039940091670747226, 0.2795734953725911, 0.6286720930546151, 6.271003633336994, 0.3803332770680897], [-0.036774910370206935, 0.19843700100266057, 0.3995311052408278, 0.08866184697266491, 0.14877479080459882, 0.22932282127834963, -0.5073253417991789, 0.3371192138908295, 0.3803332770680897, 7.522786399330969]], "ExactMarginalLogLikelihood": [1.304539109535333], "lengthscales": [1.919798493385315, 1.9353257417678833, 1.9179236888885498, 1.885699987411499, 1.8980869054794312, 1.9332842826843262, 1.904417872428894, 1.8957301378250122, 1.8833701610565186, 1.9201664924621582], "iterations": [19], "outputlengthscale": [1.5963668823242188], "unexplainedVarRate": [0.0054750609969225995]}, {"sigmay": [1.3977905205608872], "nk": [7], "nonpredIdx": [[4, 2, 3]], "respVar": [{"index": [0], "respVar": [1.0159617526596763], "R^2": [0.878361422238536]}, {"index": [1], "respVar": [0.5222562248389411], "R^2": [1.0]}, {"index": [], "respVar": [], "R^2": []}, {"index": [], "respVar": [], "R^2": []}, {"index": [], "respVar": [], "R^2": []}, {"index": [5], "respVar": [0.5375836068913621], "R^2": [1.0]}, {"index": [6], "respVar": [0.9961821718889192], "R^2": [0.9066920847953235]}], "covs": [[2.0584737473341748, 0.003926074691376438, -0.08314110819086837, 0.17142213625773112, 0.05679689593223098, -0.11278498759767175, -0.06316204092564118], [0.003926074691376438, 8.344800627137673, 0.193612767828718, 0.04256593404894262, -0.006938322298617063, -0.10302613515311113, -0.045536519995211466], [-0.08314110819086837, 0.193612767828718, 7.145894342735236, 0.2805957909312401, 0.26645652825433747, -0.02818134029288943, -0.08992678816714735], [0.17142213625773112, 0.04256593404894262, 0.2805957909312401, 2.992338635716757, -0.06508580586282497, -0.09260192454251329, 0.08100585179126543], [0.05679689593223098, -0.006938322298617063, 0.26645652825433747, -0.06508580586282497, 3.373670220014008, 0.07120271167932117, -0.21380560298444565], [-0.11278498759767175, -0.10302613515311113, -0.02818134029288943, -0.09260192454251329, 0.07120271167932117, 1.181916793744111, 0.09352011294973764], [-0.06316204092564118, -0.045536519995211466, -0.08992678816714735, 0.08100585179126543, -0.21380560298444565, 0.09352011294973764, 6.144055795295507]], "ExactMarginalLogLikelihood": [1.0925330955634935], "lengthscales": [1.0840872526168823, 1.0842288732528687, 1.0860196352005005, 1.0853395462036133, 1.084792137145996, 1.0854053497314453, 1.0844545364379883], "iterations": [6], "outputlengthscale": [1.004262924194336], "unexplainedVarRate": [0.017956747306119906]}, {"sigmay": [2.524741932006097], "nk": [7], "nonpredIdx": [[6, 3, 2]], "respVar": [{"index": [0], "respVar": [1.0070103240915096], "R^2": [0.7236559126784119]}, {"index": [1], "respVar": [1.651181963723344], "R^2": [1.0]}, {"index": [], "respVar": [], "R^2": []}, {"index": [], "respVar": [], "R^2": []}, {"index": [4], "respVar": [1.2593881318774993], "R^2": [1.0]}, {"index": [5], "respVar": [1.3566727357185302], "R^2": [0.8488979345773993]}, {"index": [], "respVar": [], "R^2": []}], "covs": [[4.4871724534609045, -0.3306068376727428, 0.008100941828801, 0.045065547066748, 0.025891551971872373, -0.09745019188810423, 0.13149682088134845], [-0.3306068376727428, 1.588280296769378, -0.040615511777375615, -0.07081425774076383, 0.020275495362592717, 0.0011730261539087468, 0.0010207996247684715], [0.008100941828801, -0.040615511777375615, 4.471918644602219, -0.2137179078806433, -0.0015361742461913782, -0.15876410215235953, -0.14008385883235352], [0.045065547066748, -0.07081425774076383, -0.2137179078806433, 1.5280150403826387, 0.028871014212617268, -0.015013454542729916, -0.038172366514074525], [0.025891551971872373, 0.020275495362592717, -0.0015361742461913782, 0.028871014212617268, 2.548002089490159, -0.15689665045062587, 0.14040436487090532], [-0.09745019188810423, 0.0011730261539087468, -0.15876410215235953, -0.015013454542729916, -0.15689665045062587, 4.706428957139463, -0.08105145689423154], [0.13149682088134845, 0.0010207996247684715, -0.14008385883235352, -0.038172366514074525, 0.14040436487090532, -0.08105145689423154, 3.340637389793889]], "ExactMarginalLogLikelihood": [2.2730567049793873], "lengthscales": [2.1610920429229736, 2.170651435852051, 2.180337429046631, 2.16926908493042, 2.180622100830078, 2.165012836456299, 2.1609621047973633], "iterations": [34], "outputlengthscale": [2.1754252910614014], "unexplainedVarRate": [0.49567780398440364]}, {"sigmay": [3.506843235465553], "nk": [11], "nonpredIdx": [[0]], "respVar": [{"index": [], "respVar": [], "R^2": []}, {"index": [1], "respVar": [0.7865396486804408], "R^2": [1.0]}, {"index": [2], "respVar": [1.6568498220350827], "R^2": [0.9904430074246149]}, {"index": [3], "respVar": [1.0325880346059988], "R^2": [0.9768554300098983]}, {"index": [4], "respVar": [1.0611017777085858], "R^2": [1.0]}, {"index": [5], "respVar": [1.994952606494281], "R^2": [1.0]}, {"index": [6], "respVar": [0.9815723194647665], "R^2": [0.5294306034021481]}, {"index": [7], "respVar": [0.9304299238568008], "R^2": [1.0]}, {"index": [8], "respVar": [0.5030004416891756], "R^2": [0.8091435255564987]}, {"index": [9], "respVar": [1.1355140684486], "R^2": [0.002658161441075446]}, {"index": [10], "respVar": [0.4853852909882659], "R^2": [1.0]}], "covs": [[4.865255370232114, 0.1101627974607668, 0.04141198689492785, -0.03747855122871349, 0.055683298399129846, 0.05527953316564295, -0.07266127839035645, 0.14290570526480872, -0.05140799796319288, -0.008235373206409342, -0.14189010564000987], [0.1101627974607668, 0.7876962245849681, -0.03465683878196596, -0.02957790532267456, 0.015598870844839161, -0.07488095700461082, 0.008046846894463375, 0.09830496494582704, 0.0272681288703729, 0.010924680783533702, 0.07685787237190134], [0.04141198689492785, -0.03465683878196596, 2.0539241413053464, 0.11464004635522226, -0.04646813994590629, -0.008605559958541079, -0.024483290121390396, -0.07839363029046238, -0.04782405179828462, 0.005743186048455941, 0.06516154527003239], [-0.03747855122871349, -0.02957790532267456, 0.11464004635522226, 3.0504783600493783, -0.0810070414927084, 0.11439240659326612, 0.01343715316885146, -0.028447551968803476, 0.001174161492685263, -0.002508082106618916, -0.13126291992164787], [0.055683298399129846, 0.015598870844839161, -0.04646813994590629, -0.0810070414927084, 0.5036138871314007, 0.041509238980467995, -0.0182048296308444, 0.017648841275836814, 0.025545109350362874, 0.01616946697154983, 0.05170318562253555], [0.05527953316564295, -0.07488095700461082, -0.008605559958541079, 0.11439240659326612, 0.041509238980467995, 1.9817146177819729, 0.08167491592913816, 0.021363441910772933, 0.062308260300534025, -0.051166257531332984, -0.15785219661292435], [-0.07266127839035645, 0.008046846894463375, -0.024483290121390396, 0.01343715316885146, -0.0182048296308444, 0.08167491592913816, 0.9011332297155646, -0.041852785770521296, 0.02156090613914681, -0.02473521669561762, -0.0059521526692880205], [0.14290570526480872, 0.09830496494582704, -0.07839363029046238, -0.028447551968803476, 0.017648841275836814, 0.021363441910772933, -0.041852785770521296, 2.1836040146431626, 0.09594785091148192, 0.03927970029473938, -0.16541849746487228], [-0.05140799796319288, 0.0272681288703729, -0.04782405179828462, 0.001174161492685263, 0.025545109350362874, 0.062308260300534025, 0.02156090613914681, 0.09594785091148192, 1.2501512034291835, 0.01372932555850614, -0.0019447831135394917], [-0.008235373206409342, 0.010924680783533702, 0.005743186048455941, -0.002508082106618916, 0.01616946697154983, -0.0511662575